0
  1
  1010
  1012
  1020
  1031
  1034
  104
  1047
  1048
  1049
  1051
  1057
  1069
  1078
  1080
  1082
  1087
  1090
  1091
  1093
  1095
  110
  1107
  1119
  1122
  1132
  1135
  1136
  1138
  1142
  1161
  1166
  1173
  1177
  118
  1182
  1183
  1187
  1195
  120
  1202
  1213
  1216
  122
  1223
  1224
  1229
  1253
  1254
  1259
  1270
  1286
  1288
  1304
  1312
  133
  1345
  1355
  1356
  1358
  1370
  1377
  1378
  1391
  1427
  1429
  144
  1441
  1442
  1446
  1451
  1461
  1464
  1470
  1478
  1500
  1504
  1510
  1532
  1566
  16
  1600
  1611
  1616
  1624
  1636
  1645
  1653
  1657
  1659
  1663
  1667
  1676
  1679
  1708
  1714
  1728
  174
  1741
  1744
  1750
  1752
  1757
  1774
  178
  1780
  1781
  1782
  1786
  1788
  1793
  1795
  1797
  1801
  1810
  1812
  1813
  1815
  183
  1830
  1834
  184
  1841
  1850
  1869
  1872
  1874
  1880
  1889
  1895
  1898
  1903
  1921
  1929
  1934
  1941
  1945
  1947
  1948
  1951
  1957
  1962
  1978
  198
  1986
  1988
  211
  215
  216
  22
  222
  226
  23
  239
  241
  243
  246
  259
  264
  272
  274
  275
  277
  28
  286
  291
  296
  298
  313
  314
  332
  333
  334
  340
  347
  349
  36
  361
  368
  378
  38
  383
  391
  393
  396
  401
  403
  409
  412
  417
  418
  420
  424
  425
  433
  45
  466
  468
  470
  471
  473
  476
  477
  480
  490
  496
  503
  515
  52
  520
  535
  541
  562
  564
  566
  596
  61
  617
  618
  623
  635
  636
  648
  65
  653
  654
  659
  66
  676
  68
  680
  682
  684
  685
  694
  695
  704
  707
  714
  725
  726
  737
  741
  746
  752
  760
  762
  769
  770
  771
  774
  775
  78
  787
  800
  804
  811
  816
  831
  840
  85
  855
  856
  862
  870
  871
  877
  883
  885
  888
  918
  92
  922
  924
  927
  949
  950
  959
  96
  960
  963
  965
  972
  973
  976
  982
  998